150
133 136
133 35
133 101
136 133
136 46
136 61
136 123
136 58
136 3
136 140
35 133
35 116
35 146
35 1
116 35
116 38
116 8
116 130
116 139
116 134
38 116
38 37
38 111
38 30
38 127
146 35
146 86
146 25
146 113
8 116
86 146
86 21
86 32
86 4
86 120
46 136
46 5
46 11
25 146
25 124
61 136
61 131
61 132
61 78
61 63
37 38
37 72
1 35
1 7
1 77
1 27
123 136
123 57
5 46
5 102
5 94
5 97
5 73
5 66
5 128
5 54
58 136
58 92
7 1
7 81
131 61
131 90
131 56
131 52
131 88
131 18
101 133
101 87
102 5
102 0
102 104
102 51
102 48
130 116
130 40
130 19
130 114
130 64
130 12
77 1
77 74
77 83
57 123
57 62
40 130
40 47
40 75
40 109
0 102
0 143
0 10
0 125
0 144
104 102
104 118
104 112
104 129
104 67
81 7
81 138
81 71
47 40
47 59
47 82
19 130
19 17
132 61
132 20
132 16
132 23
111 38
111 98
111 6
111 60
111 53
111 39
118 104
118 115
118 31
90 131
90 149
74 77
98 111
98 137
98 76
98 50
30 38
30 91
114 130
114 103
83 77
78 61
78 13
64 130
64 95
3 136
3 22
3 142
72 37
72 28
72 70
21 86
21 15
21 89
21 68
56 131
56 100
95 64
95 65
95 2
124 25
92 58
92 110
22 3
22 69
20 132
115 118
17 19
17 93
17 108
112 104
137 98
137 9
113 146
113 79
69 22
69 45
142 3
142 36
142 43
9 137
28 72
51 102
51 99
127 38
127 80
11 46
11 96
11 44
11 105
99 51
99 34
94 5
15 21
97 5
65 95
93 17
93 85
89 21
96 11
59 47
139 116
85 93
85 141
32 86
32 42
27 1
27 148
27 117
76 98
80 127
80 135
80 126
143 0
143 29
143 122
110 92
141 85
6 111
62 57
63 61
63 147
36 142
12 130
52 131
48 102
103 114
42 32
10 0
16 132
13 78
13 106
125 0
100 56
91 30
91 55
88 131
129 104
129 107
148 27
44 11
45 69
45 145
4 86
68 21
68 26
73 5
73 119
73 14
60 111
138 81
138 84
50 98
50 33
75 40
29 143
31 118
31 49
70 72
67 104
120 86
145 45
2 95
66 5
43 142
55 91
135 80
135 41
33 50
79 113
119 73
109 40
109 121
126 80
84 138
49 31
128 5
122 143
121 109
134 116
41 135
105 11
144 0
53 111
53 24
39 111
34 99
23 132
14 73
149 90
24 53
71 81
107 129
82 47
26 68
54 5
147 63
18 131
117 27
140 136
106 13
108 17
87 101
